name: ta_env
channels:
  - conda-forge
  - defaults
dependencies:
  - asttokens=2.4.1=pyhd8ed1ab_0
  - backports=1.0=pyhd8ed1ab_3
  - backports.functools_lru_cache=1.6.5=pyhd8ed1ab_0
  - blas=1.0=mkl
  - bzip2=1.0.8=he774522_0
  - ca-certificates=2023.7.22=h56e8100_0
  - certifi=2023.7.22=pyhd8ed1ab_0
  - charset-normalizer=2.0.4=pyhd3eb1b0_0
  - colorama=0.4.6=pyhd8ed1ab_0
  - comm=0.1.4=pyhd8ed1ab_0
  - debugpy=1.8.0=py312h53d5487_1
  - decorator=5.1.1=pyhd8ed1ab_0
  - exceptiongroup=1.1.3=pyhd8ed1ab_0
  - executing=2.0.1=pyhd8ed1ab_0
  - expat=2.5.0=hd77b12b_0
  - importlib-metadata=6.8.0=pyha770c72_0
  - importlib_metadata=6.8.0=hd8ed1ab_0
  - intel-openmp=2023.1.0=h59b6b97_46320
  - ipykernel=6.26.0=pyha63f2e9_0
  - ipython=8.17.2=pyh5737063_0
  - jedi=0.19.1=pyhd8ed1ab_0
  - jupyter_client=8.6.0=pyhd8ed1ab_0
  - jupyter_core=5.5.0=py312h2e8e312_0
  - libexpat=2.5.0=h63175ca_1
  - libffi=3.4.4=hd77b12b_0
  - libsodium=1.0.18=h8d14728_1
  - libsqlite=3.44.0=hcfcfb64_0
  - libta-lib=0.4.0=hcfcfb64_2
  - libzlib=1.2.13=hcfcfb64_5
  - matplotlib-inline=0.1.6=pyhd8ed1ab_0
  - mkl=2023.1.0=h6b88ed4_46358
  - nest-asyncio=1.5.8=pyhd8ed1ab_0
  - openssl=3.1.4=hcfcfb64_0
  - packaging=23.2=pyhd8ed1ab_0
  - pandas=2.1.1=py312hc7c4135_0
  - parso=0.8.3=pyhd8ed1ab_0
  - pickleshare=0.7.5=py_1003
  - pip=23.3=py312haa95532_0
  - platformdirs=4.0.0=pyhd8ed1ab_0
  - prompt-toolkit=3.0.40=pyha770c72_0
  - prompt_toolkit=3.0.40=hd8ed1ab_0
  - psutil=5.9.5=py312he70551f_1
  - pure_eval=0.2.2=pyhd8ed1ab_0
  - pycparser=2.21=pyhd3eb1b0_0
  - pygments=2.16.1=pyhd8ed1ab_0
  - python=3.12.0=h2628c8c_0_cpython
  - python-dateutil=2.8.2=pyhd3eb1b0_0
  - python-tzdata=2023.3=pyhd3eb1b0_0
  - python_abi=3.12=4_cp312
  - pytz=2023.3.post1=pyhd8ed1ab_0
  - pywin32=306=py312h53d5487_2
  - pyzmq=25.1.1=py312h1ac6f91_2
  - six=1.16.0=pyhd3eb1b0_1
  - sqlite=3.41.2=h2bbff1b_0
  - stack_data=0.6.2=pyhd8ed1ab_0
  - tbb=2021.8.0=h59b6b97_0
  - tk=8.6.13=h5226925_1
  - tornado=6.3.3=py312he70551f_1
  - traitlets=5.13.0=pyhd8ed1ab_0
  - typing_extensions=4.8.0=pyha770c72_0
  - tzdata=2023c=h04d1e81_0
  - ucrt=10.0.22621.0=h57928b3_0
  - vc=14.2=h21ff451_1
  - vc14_runtime=14.36.32532=hdcecf7f_17
  - vs2015_runtime=14.36.32532=h05e6639_17
  - wcwidth=0.2.9=pyhd8ed1ab_0
  - xz=5.4.2=h8cc25b3_0
  - zeromq=4.3.5=h63175ca_0
  - zipp=3.17.0=pyhd8ed1ab_0
  - pip:
      - attrs==23.1.0
      - bottle==0.12.25
      - bottleneck==1.3.5
      - brotli==1.0.9
      - cffi==1.15.1
      - clr-loader==0.2.6
      - cryptography==41.0.3
      - fastjsonschema==2.18.1
      - idna==3.4
      - jsonschema==4.19.2
      - jsonschema-specifications==2023.7.1
      - lxml==4.9.3
      - mkl-service==2.4.0
      - nbformat==5.9.2
      - numexpr==2.8.7
      - numpy==1.26.0
      - pandas-ta==0.3.14b0
      - plotly==5.9.0
      - proxy-tools==0.1.0
      - pyopenssl==23.2.0
      - pysocks==1.7.1
      - pythonnet==3.0.3
      - pywebview==4.4.1
      - referencing==0.30.2
      - requests==2.31.0
      - requests-futures==1.0.1
      - rpds-py==0.12.0
      - setuptools==68.2.2
      - ta-lib==0.4.28
      - tenacity==8.2.2
      - tqdm==4.66.1
      - urllib3==1.26.18
      - wheel==0.41.2
      - win-inet-pton==1.1.0
      - yahooquery==2.3.3
prefix: C:\Users\mikeg\anaconda3\envs\ta_env
